,crude_oil1,crude_oil10,crude_oil11,crude_oil12,crude_oil13,crude_oil14,crude_oil15,crude_oil2,crude_oil3,crude_oil4,crude_oil5,crude_oil6,crude_oil7,crude_oil8,crude_oil9,output
260,48.66,51.63,51.95,53.3,56.25,56.69,55.71,47.72,50.12,49.13,52.08,52.08,53.95,50.44,50.79,56.37
240,55.56,59.41,59.23,60.72,60.5,59.89,59.73,57.05,58.55,59.62,59.1,58.92,60.38,60.93,58.99,59.44
443,101.88,104.91,104.29,98.23,97.86,98.26,97.34,103.84,103.83,105.34,104.59,103.81,102.76,105.23,105.68,96.93
454,106.06,101.73,100.56,101.88,103.84,103.83,105.34,105.18,104.76,104.19,104.19,104.06,102.93,103.61,101.48,104.59
425,98.09,93.61,95.39,95.78,95.82,96.44,97.86,97.36,97.57,95.54,97.3,96.44,94.35,96.4,93.97,92.92
299,53.04,53.56,53.56,52.13,51.12,49.95,49.56,48.45,50.48,51.66,52.99,50.06,48.8,51.17,52.66,48.48
439,104.59,98.26,97.34,96.93,97.34,97.61,98.09,103.81,102.76,105.23,105.68,104.91,104.29,98.23,97.86,97.36
278,51.53,43.39,44.63,44.02,46.0,47.4,47.03,50.76,49.61,49.95,48.42,48.06,47.12,44.88,43.93,48.75
295,52.99,49.95,49.56,48.48,50.25,47.65,49.84,50.06,48.8,51.17,52.66,53.56,53.56,52.13,51.12,49.59
105,46.12,40.69,41.68,40.73,40.75,40.55,39.39,47.88,46.32,45.27,44.32,43.87,44.23,42.95,41.74,39.27
496,100.09,101.74,102.31,102.95,102.8,104.31,104.03,99.74,99.81,101.06,100.52,100.32,100.89,102.01,102.63,105.01
472,103.17,106.64,107.08,107.95,106.83,106.64,107.04,103.32,105.09,105.02,105.04,107.2,107.49,107.52,106.95,106.49
129,45.24,47.09,46.7,46.63,46.38,47.3,45.91,45.06,44.75,45.54,46.28,48.53,47.86,49.46,49.67,45.84
566,96.66,97.84,99.98,100.12,99.96,100.38,100.27,95.82,97.49,97.34,98.25,97.55,96.44,97.24,97.4,100.31
521,101.73,103.37,103.68,104.05,103.7,103.71,104.33,101.57,99.69,99.6,100.29,101.16,100.43,102.57,103.55,104.35
221,58.88,58.0,59.11,58.15,60.15,61.36,60.74,57.29,57.29,57.51,57.69,60.25,60.24,61.3,59.67,59.96
378,81.82,81.36,82.25,81.06,80.53,78.77,77.15,82.33,82.8,82.76,83.25,80.52,82.81,81.27,81.26,78.71
437,102.76,96.93,97.34,97.61,98.09,97.36,97.57,105.23,105.68,104.91,104.29,98.23,97.86,98.26,97.34,95.54
531,99.23,101.25,101.73,101.57,99.69,99.6,100.29,98.43,100.08,100.71,99.68,99.97,100.05,99.66,100.61,101.16
356,75.91,65.94,65.94,68.98,66.99,67.3,66.73,75.64,74.55,74.55,75.63,76.52,75.74,74.04,73.7,65.89
75,36.31,36.36,36.36,37.88,36.59,37.13,36.81,37.32,35.55,34.98,34.72,34.55,36.12,36.76,37.62,36.81
8,38.43,36.91,36.91,36.94,35.36,34.3,34.52,40.17,39.47,39.91,41.45,38.28,38.14,37.99,37.99,37.74
361,78.71,75.63,76.52,75.74,74.04,73.7,65.94,77.43,77.85,77.16,74.13,75.91,75.64,74.55,74.55,65.94
436,105.23,97.34,97.61,98.09,97.36,97.57,95.54,105.68,104.91,104.29,98.23,97.86,98.26,97.34,96.93,97.3
47,29.55,32.29,31.63,30.86,29.71,27.96,27.54,32.07,30.31,29.54,32.32,33.21,33.66,31.62,29.9,26.19
385,90.33,82.8,82.76,83.25,80.52,82.81,81.27,88.89,87.29,85.76,85.87,85.73,81.72,81.82,82.33,81.26
270,43.93,48.83,48.66,47.72,50.12,49.13,52.08,43.39,44.63,44.02,46.0,47.4,47.03,48.75,51.41,52.08
22,31.4,37.62,37.77,38.51,37.2,36.32,38.43,31.65,32.74,34.39,34.57,34.56,35.91,37.9,36.67,40.17
420,96.44,97.86,92.92,92.92,95.5,94.51,93.32,94.35,96.4,93.97,93.61,95.39,95.78,95.82,96.44,92.64
507,104.33,100.07,99.69,100.09,99.74,99.81,101.06,104.35,104.35,101.69,101.47,102.2,100.85,101.13,101.56,100.52
544,102.2,101.39,100.29,98.29,98.57,99.23,98.43,102.93,102.68,102.88,105.34,103.64,101.75,101.82,102.82,100.08
202,60.41,56.94,56.93,52.48,52.48,52.33,51.61,59.62,60.01,61.05,60.01,59.59,59.41,58.34,59.48,52.76
380,85.73,81.27,81.26,81.36,82.25,81.06,80.53,81.72,81.82,82.33,82.8,82.76,83.25,80.52,82.81,78.77
536,102.82,99.68,99.97,100.05,99.66,100.61,101.25,101.39,100.29,98.29,98.57,99.23,98.43,100.08,100.71,101.73
456,106.46,103.61,101.48,101.73,100.56,101.88,103.84,106.07,106.06,105.18,104.76,104.19,104.19,104.06,102.93,103.83
20,32.74,38.51,37.2,36.32,38.43,40.17,39.47,34.39,34.57,34.56,35.91,37.9,36.67,37.62,37.77,39.91
141,44.75,44.94,45.55,44.4,45.24,45.06,44.75,44.07,44.58,47.12,46.93,44.71,46.67,46.17,44.53,45.54
59,35.97,28.47,28.47,26.68,29.55,32.07,30.31,33.97,33.29,33.2,31.42,30.42,30.42,31.22,29.45,29.54
86,40.57,36.76,35.65,36.31,37.32,35.55,34.98,40.43,40.58,39.93,41.08,40.0,37.64,37.46,37.16,34.72
474,103.34,107.52,106.95,106.64,107.08,107.95,106.83,103.27,103.17,103.32,105.09,105.02,105.04,107.2,107.49,106.64
50,28.47,33.66,31.62,29.9,32.29,31.63,30.86,28.47,26.68,29.55,32.07,30.31,29.54,32.32,33.21,29.71
215,60.24,59.96,59.53,60.01,59.89,60.41,59.62,61.3,59.67,58.0,59.11,58.15,60.15,61.36,60.74,60.01
1,37.99,37.3,39.74,40.46,42.12,41.7,41.45,37.99,36.91,36.91,36.94,35.36,34.3,34.52,37.74,40.4
520,101.57,103.68,104.05,103.7,103.71,104.33,104.35,99.69,99.6,100.29,101.16,100.43,102.57,103.55,103.37,104.35
229,60.72,57.29,57.29,57.51,57.69,60.25,60.24,60.5,59.89,59.73,59.44,57.3,58.96,60.18,58.88,61.3
428,96.93,94.35,96.4,93.97,93.61,95.39,95.78,97.34,97.61,98.09,97.36,97.57,95.54,97.3,96.44,95.82
241,55.98,58.99,59.41,59.23,60.72,60.5,59.89,55.56,57.05,58.55,59.62,59.1,58.92,60.38,60.93,59.73
124,48.53,45.91,45.84,45.22,44.9,43.91,43.19,47.86,49.46,49.67,47.09,46.7,46.63,46.38,47.3,43.21
588,99.18,93.31,91.9,91.36,92.39,91.45,92.15,99.18,99.94,98.9,98.17,95.14,95.14,93.66,93.12,93.78
39,29.9,29.05,29.05,30.68,30.77,29.59,31.37,32.29,31.63,30.86,29.71,27.96,27.54,26.19,29.32,31.84
495,99.74,102.31,102.95,102.8,104.31,104.03,105.01,99.81,101.06,100.52,100.32,100.89,102.01,102.63,101.74,104.78
88,41.22,37.46,37.16,36.76,35.65,36.31,37.32,40.57,40.57,40.43,40.58,39.93,41.08,40.0,37.64,35.55
286,49.95,50.76,49.61,49.95,48.42,48.06,47.12,49.56,48.48,50.25,47.65,49.84,49.59,50.43,51.53,44.88
543,102.93,100.29,98.29,98.57,99.23,98.43,100.08,102.68,102.88,105.34,103.64,101.75,101.82,102.82,101.39,100.71
390,94.53,85.87,85.73,81.72,81.82,82.33,82.8,91.17,90.74,91.02,89.76,90.33,88.89,87.29,85.76,82.76
506,104.35,99.69,100.09,99.74,99.81,101.06,100.52,104.35,101.69,101.47,102.2,100.85,101.13,101.56,100.07,100.32
552,100.27,102.93,102.68,102.88,105.34,103.64,101.75,100.31,102.54,102.54,103.46,103.2,102.53,103.17,102.2,101.82
150,49.2,44.75,44.07,44.58,47.12,46.93,44.71,45.38,46.3,46.75,46.02,45.92,45.92,44.13,45.85,46.67
232,58.99,58.96,60.18,58.88,57.29,57.29,57.51,59.41,59.23,60.72,60.5,59.89,59.73,59.44,57.3,57.69
556,99.98,103.2,102.53,103.17,102.2,102.93,102.68,100.12,99.96,100.38,100.27,100.31,102.54,102.54,103.46,102.88
352,75.63,67.3,66.73,65.89,63.13,63.74,60.99,76.52,75.74,74.04,73.7,65.94,65.94,68.98,66.99,60.01
434,104.91,98.09,97.36,97.57,95.54,97.3,96.44,104.29,98.23,97.86,98.26,97.34,96.93,97.34,97.61,94.35
358,77.16,74.04,73.7,65.94,65.94,68.98,66.99,74.13,75.91,75.64,74.55,74.55,75.63,76.52,75.74,67.3
103,46.32,40.73,40.75,40.55,39.39,39.27,40.89,45.27,44.32,43.87,44.23,42.95,41.74,40.69,41.68,41.22
412,96.44,91.71,92.89,92.18,92.86,94.91,94.33,97.86,92.92,92.92,95.5,94.51,93.32,92.64,92.73,93.07
355,75.64,65.94,68.98,66.99,67.3,66.73,65.89,74.55,74.55,75.63,76.52,75.74,74.04,73.7,65.94,63.13
388,90.74,81.72,81.82,82.33,82.8,82.76,83.25,91.02,89.76,90.33,88.89,87.29,85.76,85.87,85.73,80.52
126,45.54,46.38,47.3,45.91,45.84,45.22,44.9,46.28,48.53,47.86,49.46,49.67,47.09,46.7,46.63,43.91
347,65.94,60.99,60.01,57.81,55.96,55.97,56.43,65.94,68.98,66.99,67.3,66.73,65.89,63.13,63.74,54.18
125,46.28,47.3,45.91,45.84,45.22,44.9,43.91,48.53,47.86,49.46,49.67,47.09,46.7,46.63,46.38,43.19
181,50.88,48.53,47.11,45.25,45.75,45.13,44.69,50.11,50.59,49.27,48.11,47.98,47.17,47.97,48.77,43.87
440,105.34,97.86,98.26,97.34,96.93,97.34,97.61,104.59,103.81,102.76,105.23,105.68,104.91,104.29,98.23,98.09
336,57.81,54.59,54.59,53.46,54.14,53.45,52.72,55.96,55.97,56.43,54.18,56.91,55.25,56.78,55.7,52.72
163,43.22,39.15,38.5,42.47,45.29,49.2,45.38,42.27,42.45,41.93,42.58,40.75,41.0,40.45,38.22,46.3
99,44.23,39.27,40.89,41.22,40.57,40.57,40.43,42.95,41.74,40.69,41.68,40.73,40.75,40.55,39.39,40.58
551,100.31,102.68,102.88,105.34,103.64,101.75,101.82,102.54,102.54,103.46,103.2,102.53,103.17,102.2,102.93,102.82
394,91.55,90.33,88.89,87.29,85.76,85.87,85.73,93.6,93.59,95.55,94.53,91.17,90.74,91.02,89.76,81.72
368,82.25,77.85,77.16,74.13,75.91,75.64,74.55,81.06,80.53,78.77,77.15,78.71,77.87,78.71,77.43,74.55
56,33.2,29.55,32.07,30.31,29.54,32.32,33.21,31.42,30.42,30.42,31.22,29.45,28.47,28.47,26.68,33.66
13,37.62,41.45,38.28,38.14,37.99,37.99,36.91,37.77,38.51,37.2,36.32,38.43,40.17,39.47,39.91,36.91
517,100.29,103.71,104.33,104.35,104.35,101.69,101.47,101.16,100.43,102.57,103.55,103.37,103.68,104.05,103.7,102.2
265,47.4,52.08,52.08,53.95,50.44,50.79,51.63,47.03,48.75,51.41,48.83,48.66,47.72,50.12,49.13,51.95
476,103.4,107.2,107.49,107.52,106.95,106.64,107.08,103.07,103.34,103.27,103.17,103.32,105.09,105.02,105.04,107.95
32,26.19,30.35,31.4,31.65,32.74,34.39,34.57,29.32,29.05,29.05,30.68,30.77,29.59,31.37,31.84,34.56
285,49.56,49.61,49.95,48.42,48.06,47.12,44.88,48.48,50.25,47.65,49.84,49.59,50.43,51.53,50.76,43.93
535,101.39,99.97,100.05,99.66,100.61,101.25,101.73,100.29,98.29,98.57,99.23,98.43,100.08,100.71,99.68,101.57
250,51.95,55.98,55.56,57.05,58.55,59.62,59.1,53.3,56.25,56.69,55.71,56.37,55.58,56.17,56.59,58.92
186,52.74,48.11,47.98,47.17,47.97,48.77,48.53,52.19,53.05,51.4,50.9,50.88,50.11,50.59,49.27,47.11
217,57.69,61.36,60.74,59.96,59.53,60.01,59.89,60.25,60.24,61.3,59.67,58.0,59.11,58.15,60.15,60.41
107,46.02,42.95,41.74,40.69,41.68,40.73,40.75,46.6,46.12,47.88,46.32,45.27,44.32,43.87,44.23,40.55
234,60.38,59.44,57.3,58.96,60.18,58.88,57.29,60.93,58.99,59.41,59.23,60.72,60.5,59.89,59.73,57.29
592,98.4,95.14,95.14,93.66,93.12,93.31,91.9,99.11,98.62,98.87,99.18,99.18,99.94,98.9,98.17,91.36
459,106.64,104.19,104.06,102.93,103.61,101.48,101.73,107.04,106.49,106.46,106.07,106.06,105.18,104.76,104.19,100.56
350,75.74,65.89,63.13,63.74,60.99,60.01,57.81,74.04,73.7,65.94,65.94,68.98,66.99,67.3,66.73,55.96
384,88.89,82.76,83.25,80.52,82.81,81.27,81.26,87.29,85.76,85.87,85.73,81.72,81.82,82.33,82.8,81.36
524,99.66,100.43,102.57,103.55,103.37,103.68,104.05,100.61,101.25,101.73,101.57,99.69,99.6,100.29,101.16,103.7
441,103.83,98.23,97.86,98.26,97.34,96.93,97.34,105.34,104.59,103.81,102.76,105.23,105.68,104.91,104.29,97.61
246,55.71,59.62,59.1,58.92,60.38,60.93,58.99,56.37,55.58,56.17,56.59,55.98,55.56,57.05,58.55,59.41
442,103.84,104.29,98.23,97.86,98.26,97.34,96.93,103.83,105.34,104.59,103.81,102.76,105.23,105.68,104.91,97.34
226,59.73,57.69,60.25,60.24,61.3,59.67,58.0,59.44,57.3,58.96,60.18,58.88,57.29,57.29,57.51,59.11
113,45.22,47.88,46.32,45.27,44.32,43.87,44.23,44.9,43.91,43.19,43.21,45.93,46.02,46.6,46.12,42.95
514,102.57,104.35,101.69,101.47,102.2,100.85,101.13,103.55,103.37,103.68,104.05,103.7,103.71,104.33,104.35,101.56
301,47.79,51.17,52.66,53.56,53.56,52.13,51.12,49.25,53.04,48.45,50.48,51.66,52.99,50.06,48.8,49.95
403,91.71,91.55,93.6,93.59,95.55,94.53,91.17,92.89,92.18,92.86,94.91,94.33,93.07,92.43,91.46,90.74
540,105.34,99.23,98.43,100.08,100.71,99.68,99.97,103.64,101.75,101.82,102.82,101.39,100.29,98.29,98.57,100.05
212,58.0,59.89,60.41,59.62,60.01,61.05,60.01,59.11,58.15,60.15,61.36,60.74,59.96,59.53,60.01,59.59
374,83.25,78.77,77.15,78.71,77.87,78.71,77.43,80.52,82.81,81.27,81.26,81.36,82.25,81.06,80.53,77.85
475,103.07,107.49,107.52,106.95,106.64,107.08,107.95,103.34,103.27,103.17,103.32,105.09,105.02,105.04,107.2,106.83
225,59.44,60.25,60.24,61.3,59.67,58.0,59.11,57.3,58.96,60.18,58.88,57.29,57.29,57.51,57.69,58.15
383,87.29,83.25,80.52,82.81,81.27,81.26,81.36,85.76,85.87,85.73,81.72,81.82,82.33,82.8,82.76,82.25
206,59.96,59.59,59.41,58.34,59.48,56.94,56.93,59.53,60.01,59.89,60.41,59.62,60.01,61.05,60.01,52.48
179,50.59,45.25,45.75,45.13,44.69,43.87,44.94,49.27,48.11,47.98,47.17,47.97,48.77,48.53,47.11,43.11
490,100.89,105.01,104.78,104.78,103.37,104.26,103.4,102.01,102.63,101.74,102.31,102.95,102.8,104.31,104.03,103.07
379,81.72,81.26,81.36,82.25,81.06,80.53,78.77,81.82,82.33,82.8,82.76,83.25,80.52,82.81,81.27,77.15
261,48.83,50.79,51.63,51.95,53.3,56.25,56.69,48.66,47.72,50.12,49.13,52.08,52.08,53.95,50.44,55.71
448,102.93,104.59,103.81,102.76,105.23,105.68,104.91,103.61,101.48,101.73,100.56,101.88,103.84,103.83,105.34,104.29
127,44.75,46.63,46.38,47.3,45.91,45.84,45.22,45.54,46.28,48.53,47.86,49.46,49.67,47.09,46.7,44.9
180,50.11,47.11,45.25,45.75,45.13,44.69,43.87,50.59,49.27,48.11,47.98,47.17,47.97,48.77,48.53,44.94
330,55.25,52.72,50.05,47.98,48.69,48.8,48.35,56.78,55.7,54.59,54.59,53.46,54.14,53.45,52.72,46.06
537,101.82,100.71,99.68,99.97,100.05,99.66,100.61,102.82,101.39,100.29,98.29,98.57,99.23,98.43,100.08,101.25
533,98.29,99.66,100.61,101.25,101.73,101.57,99.69,98.57,99.23,98.43,100.08,100.71,99.68,99.97,100.05,99.6
166,43.87,41.0,40.45,38.22,39.15,38.5,42.47,44.94,43.11,43.22,42.27,42.45,41.93,42.58,40.75,45.29
354,74.55,68.98,66.99,67.3,66.73,65.89,63.13,74.55,75.63,76.52,75.74,74.04,73.7,65.94,65.94,63.74
489,102.01,104.78,104.78,103.37,104.26,103.4,103.07,102.63,101.74,102.31,102.95,102.8,104.31,104.03,105.01,103.34
516,101.16,104.33,104.35,104.35,101.69,101.47,102.2,100.43,102.57,103.55,103.37,103.68,104.05,103.7,103.71,100.85
464,106.95,106.07,106.06,105.18,104.76,104.19,104.19,106.64,107.08,107.95,106.83,106.64,107.04,106.49,106.46,104.06
457,106.49,102.93,103.61,101.48,101.73,100.56,101.88,106.46,106.07,106.06,105.18,104.76,104.19,104.19,104.06,103.84
40,31.62,29.32,29.05,29.05,30.68,30.77,29.59,29.9,32.29,31.63,30.86,29.71,27.96,27.54,26.19,31.37
555,100.12,102.53,103.17,102.2,102.93,102.68,102.88,99.96,100.38,100.27,100.31,102.54,102.54,103.46,103.2,105.34
307,45.93,48.45,50.48,51.66,52.99,50.06,48.8,45.26,44.8,45.84,44.08,44.12,47.79,49.25,53.04,51.17
266,46.0,49.13,52.08,52.08,53.95,50.44,50.79,47.4,47.03,48.75,51.41,48.83,48.66,47.72,50.12,51.63
222,60.18,59.67,58.0,59.11,58.15,60.15,61.36,58.88,57.29,57.29,57.51,57.69,60.25,60.24,61.3,60.74
82,41.08,35.55,34.98,34.72,34.55,36.12,36.76,40.0,37.64,37.46,37.16,36.76,35.65,36.31,37.32,37.62
114,45.84,46.12,47.88,46.32,45.27,44.32,43.87,45.22,44.9,43.91,43.19,43.21,45.93,46.02,46.6,44.23
400,92.86,95.55,94.53,91.17,90.74,91.02,89.76,94.91,94.33,93.07,92.43,91.46,91.55,93.6,93.59,90.33
568,96.35,97.24,97.4,97.84,99.98,100.12,99.96,97.23,96.66,95.82,97.49,97.34,98.25,97.55,96.44,100.38
207,60.74,60.01,59.59,59.41,58.34,59.48,56.94,59.96,59.53,60.01,59.89,60.41,59.62,60.01,61.05,56.93
371,81.27,77.87,78.71,77.43,77.85,77.16,74.13,81.26,81.36,82.25,81.06,80.53,78.77,77.15,78.71,75.91
560,96.44,100.31,102.54,102.54,103.46,103.2,102.53,97.24,97.4,97.84,99.98,100.12,99.96,100.38,100.27,103.17
548,103.46,103.64,101.75,101.82,102.82,101.39,100.29,103.2,102.53,103.17,102.2,102.93,102.68,102.88,105.34,98.29
259,47.72,51.95,53.3,56.25,56.69,55.71,56.37,50.12,49.13,52.08,52.08,53.95,50.44,50.79,51.63,55.58
314,45.92,44.8,45.84,44.08,44.12,47.79,49.25,48.49,46.37,48.49,46.79,46.79,47.85,45.93,45.26,53.04
510,104.05,100.85,101.13,101.56,100.07,99.69,100.09,103.7,103.71,104.33,104.35,104.35,101.69,101.47,102.2,99.74
599,98.32,98.62,98.87,99.18,99.18,99.94,98.9,97.25,97.21,96.27,97.18,96.99,97.59,98.4,99.11,98.17
31,29.32,31.4,31.65,32.74,34.39,34.57,34.56,29.05,29.05,30.68,30.77,29.59,31.37,31.84,30.35,35.91
38,32.29,29.05,30.68,30.77,29.59,31.37,31.84,31.63,30.86,29.71,27.96,27.54,26.19,29.32,29.05,30.35
432,98.23,97.57,95.54,97.3,96.44,94.35,96.4,97.86,98.26,97.34,96.93,97.34,97.61,98.09,97.36,93.97
503,101.47,99.81,101.06,100.52,100.32,100.89,102.01,102.2,100.85,101.13,101.56,100.07,99.69,100.09,99.74,102.63
252,50.79,56.17,56.59,55.98,55.56,57.05,58.55,51.63,51.95,53.3,56.25,56.69,55.71,56.37,55.58,59.62
478,103.37,105.02,105.04,107.2,107.49,107.52,106.95,104.26,103.4,103.07,103.34,103.27,103.17,103.32,105.09,106.64
154,39.15,45.92,45.92,44.13,45.85,44.75,44.07,38.5,42.47,45.29,49.2,45.38,46.3,46.75,46.02,44.58
48,26.68,29.9,32.29,31.63,30.86,29.71,27.96,29.55,32.07,30.31,29.54,32.32,33.21,33.66,31.62,27.54
287,51.12,51.53,50.76,49.61,49.95,48.42,48.06,49.95,49.56,48.48,50.25,47.65,49.84,49.59,50.43,47.12
36,30.86,30.77,29.59,31.37,31.84,30.35,31.4,29.71,27.96,27.54,26.19,29.32,29.05,29.05,30.68,31.65
115,45.91,46.6,46.12,47.88,46.32,45.27,44.32,45.84,45.22,44.9,43.91,43.19,43.21,45.93,46.02,43.87
491,100.32,104.03,105.01,104.78,104.78,103.37,104.26,100.89,102.01,102.63,101.74,102.31,102.95,102.8,104.31,103.4
467,107.2,107.04,106.49,106.46,106.07,106.06,105.18,107.49,107.52,106.95,106.64,107.08,107.95,106.83,106.64,104.76
49,28.47,31.62,29.9,32.29,31.63,30.86,29.71,26.68,29.55,32.07,30.31,29.54,32.32,33.21,33.66,27.96
251,51.63,56.59,55.98,55.56,57.05,58.55,59.62,51.95,53.3,56.25,56.69,55.71,56.37,55.58,56.17,59.1
145,45.92,44.71,46.67,46.17,44.53,44.94,45.55,45.92,44.13,45.85,44.75,44.07,44.58,47.12,46.93,44.4
318,48.69,46.79,47.85,45.93,45.26,44.8,45.84,48.8,48.35,46.06,45.92,48.49,46.37,48.49,46.79,44.08
393,93.6,88.89,87.29,85.76,85.87,85.73,81.72,93.59,95.55,94.53,91.17,90.74,91.02,89.76,90.33,81.82
120,47.09,43.91,43.19,43.21,45.93,46.02,46.6,46.7,46.63,46.38,47.3,45.91,45.84,45.22,44.9,46.12
96,40.69,40.57,40.57,40.43,40.58,39.93,41.08,41.68,40.73,40.75,40.55,39.39,39.27,40.89,41.22,40.0
147,46.75,47.12,46.93,44.71,46.67,46.17,44.53,46.02,45.92,45.92,44.13,45.85,44.75,44.07,44.58,44.94
461,107.95,104.76,104.19,104.19,104.06,102.93,103.61,106.83,106.64,107.04,106.49,106.46,106.07,106.06,105.18,101.48
58,33.97,28.47,26.68,29.55,32.07,30.31,29.54,33.29,33.2,31.42,30.42,30.42,31.22,29.45,28.47,32.32
529,100.08,101.57,99.69,99.6,100.29,101.16,100.43,100.71,99.68,99.97,100.05,99.66,100.61,101.25,101.73,102.57
176,47.98,44.69,43.87,44.94,43.11,43.22,42.27,47.17,47.97,48.77,48.53,47.11,45.25,45.75,45.13,42.45
554,99.96,103.17,102.2,102.93,102.68,102.88,105.34,100.38,100.27,100.31,102.54,102.54,103.46,103.2,102.53,103.64
121,49.67,44.9,43.91,43.19,43.21,45.93,46.02,47.09,46.7,46.63,46.38,47.3,45.91,45.84,45.22,46.6
16,35.91,40.17,39.47,39.91,41.45,38.28,38.14,37.9,36.67,37.62,37.77,38.51,37.2,36.32,38.43,37.99
303,44.08,50.06,48.8,51.17,52.66,53.56,53.56,44.12,47.79,49.25,53.04,48.45,50.48,51.66,52.99,52.13
157,41.0,46.3,46.75,46.02,45.92,45.92,44.13,40.45,38.22,39.15,38.5,42.47,45.29,49.2,45.38,45.85
28,30.68,34.39,34.57,34.56,35.91,37.9,36.67,30.77,29.59,31.37,31.84,30.35,31.4,31.65,32.74,37.62
564,97.49,100.12,99.96,100.38,100.27,100.31,102.54,97.34,98.25,97.55,96.44,97.24,97.4,97.84,99.98,102.54
468,105.04,106.64,107.04,106.49,106.46,106.07,106.06,107.2,107.49,107.52,106.95,106.64,107.08,107.95,106.83,105.18
213,59.67,60.01,59.89,60.41,59.62,60.01,61.05,58.0,59.11,58.15,60.15,61.36,60.74,59.96,59.53,60.01
247,56.69,58.55,59.62,59.1,58.92,60.38,60.93,55.71,56.37,55.58,56.17,56.59,55.98,55.56,57.05,58.99
153,38.5,45.92,44.13,45.85,44.75,44.07,44.58,42.47,45.29,49.2,45.38,46.3,46.75,46.02,45.92,47.12
497,99.69,102.63,101.74,102.31,102.95,102.8,104.31,100.09,99.74,99.81,101.06,100.52,100.32,100.89,102.01,104.03
445,101.73,105.23,105.68,104.91,104.29,98.23,97.86,100.56,101.88,103.84,103.83,105.34,104.59,103.81,102.76,98.26
391,95.55,85.76,85.87,85.73,81.72,81.82,82.33,94.53,91.17,90.74,91.02,89.76,90.33,88.89,87.29,82.8
253,50.44,55.58,56.17,56.59,55.98,55.56,57.05,50.79,51.63,51.95,53.3,56.25,56.69,55.71,56.37,58.55
469,105.02,106.83,106.64,107.04,106.49,106.46,106.07,105.04,107.2,107.49,107.52,106.95,106.64,107.08,107.95,106.06
395,91.46,89.76,90.33,88.89,87.29,85.76,85.87,91.55,93.6,93.59,95.55,94.53,91.17,90.74,91.02,85.73
446,101.48,102.76,105.23,105.68,104.91,104.29,98.23,101.73,100.56,101.88,103.84,103.83,105.34,104.59,103.81,97.86
332,54.18,53.45,52.72,52.72,50.05,47.98,48.69,56.91,55.25,56.78,55.7,54.59,54.59,53.46,54.14,48.8
329,56.78,50.05,47.98,48.69,48.8,48.35,46.06,55.7,54.59,54.59,53.46,54.14,53.45,52.72,52.72,45.92
338,60.99,56.78,55.7,54.59,54.59,53.46,54.14,60.01,57.81,55.96,55.97,56.43,54.18,56.91,55.25,53.45
402,92.89,93.6,93.59,95.55,94.53,91.17,90.74,92.18,92.86,94.91,94.33,93.07,92.43,91.46,91.55,91.02
34,27.96,31.37,31.84,30.35,31.4,31.65,32.74,27.54,26.19,29.32,29.05,29.05,30.68,30.77,29.59,34.39
72,34.98,36.59,37.13,36.81,36.81,35.97,33.97,34.72,34.55,36.12,36.76,37.62,36.36,36.36,37.88,33.29
519,99.69,104.05,103.7,103.71,104.33,104.35,104.35,99.6,100.29,101.16,100.43,102.57,103.55,103.37,103.68,101.69
484,102.8,103.07,103.34,103.27,103.17,103.32,105.09,104.31,104.03,105.01,104.78,104.78,103.37,104.26,103.4,105.02
53,30.42,29.54,32.32,33.21,33.66,31.62,29.9,31.22,29.45,28.47,28.47,26.68,29.55,32.07,30.31,32.29
290,53.56,49.84,49.59,50.43,51.53,50.76,49.61,53.56,52.13,51.12,49.95,49.56,48.48,50.25,47.65,49.95
444,100.56,105.68,104.91,104.29,98.23,97.86,98.26,101.88,103.84,103.83,105.34,104.59,103.81,102.76,105.23,97.34
302,44.12,48.8,51.17,52.66,53.56,53.56,52.13,47.79,49.25,53.04,48.45,50.48,51.66,52.99,50.06,51.12
596,96.27,99.18,99.94,98.9,98.17,95.14,95.14,97.18,96.99,97.59,98.4,99.11,98.62,98.87,99.18,93.66
584,98.17,91.45,92.15,93.78,93.54,93.96,94.51,95.14,95.14,93.66,93.12,93.31,91.9,91.36,92.39,94.51
204,60.01,58.34,59.48,56.94,56.93,52.48,52.48,59.89,60.41,59.62,60.01,61.05,60.01,59.59,59.41,52.33
580,93.12,93.96,94.51,94.51,96.35,97.23,96.66,93.31,91.9,91.36,92.39,91.45,92.15,93.78,93.54,95.82
435,105.68,97.61,98.09,97.36,97.57,95.54,97.3,104.91,104.29,98.23,97.86,98.26,97.34,96.93,97.34,96.44
109,43.21,43.87,44.23,42.95,41.74,40.69,41.68,45.93,46.02,46.6,46.12,47.88,46.32,45.27,44.32,40.73
288,52.13,50.43,51.53,50.76,49.61,49.95,48.42,51.12,49.95,49.56,48.48,50.25,47.65,49.84,49.59,48.06
11,38.51,38.14,37.99,37.99,36.91,36.91,36.94,37.2,36.32,38.43,40.17,39.47,39.91,41.45,38.28,35.36
235,58.92,59.73,59.44,57.3,58.96,60.18,58.88,60.38,60.93,58.99,59.41,59.23,60.72,60.5,59.89,57.29
233,60.93,57.3,58.96,60.18,58.88,57.29,57.29,58.99,59.41,59.23,60.72,60.5,59.89,59.73,59.44,57.51
12,37.77,38.28,38.14,37.99,37.99,36.91,36.91,38.51,37.2,36.32,38.43,40.17,39.47,39.91,41.45,36.94
92,40.55,39.93,41.08,40.0,37.64,37.46,37.16,39.39,39.27,40.89,41.22,40.57,40.57,40.43,40.58,36.76
334,55.97,53.46,54.14,53.45,52.72,52.72,50.05,56.43,54.18,56.91,55.25,56.78,55.7,54.59,54.59,47.98
579,93.31,94.51,94.51,96.35,97.23,96.66,95.82,91.9,91.36,92.39,91.45,92.15,93.78,93.54,93.96,97.49
534,100.29,100.05,99.66,100.61,101.25,101.73,101.57,98.29,98.57,99.23,98.43,100.08,100.71,99.68,99.97,99.69
438,103.81,97.34,96.93,97.34,97.61,98.09,97.36,102.76,105.23,105.68,104.91,104.29,98.23,97.86,98.26,97.57
404,92.73,91.46,91.55,93.6,93.59,95.55,94.53,91.71,92.89,92.18,92.86,94.91,94.33,93.07,92.43,91.17
108,45.93,44.23,42.95,41.74,40.69,41.68,40.73,46.02,46.6,46.12,47.88,46.32,45.27,44.32,43.87,40.75
273,48.06,47.03,48.75,51.41,48.83,48.66,47.72,47.12,44.88,43.93,43.39,44.63,44.02,46.0,47.4,50.12
71,34.72,37.13,36.81,36.81,35.97,33.97,33.29,34.55,36.12,36.76,37.62,36.36,36.36,37.88,36.59,33.2
373,80.52,77.15,78.71,77.87,78.71,77.43,77.85,82.81,81.27,81.26,81.36,82.25,81.06,80.53,78.77,77.16
582,95.14,93.78,93.54,93.96,94.51,94.51,96.35,93.66,93.12,93.31,91.9,91.36,92.39,91.45,92.15,97.23
267,44.02,50.12,49.13,52.08,52.08,53.95,50.44,46.0,47.4,47.03,48.75,51.41,48.83,48.66,47.72,50.79
310,46.79,47.79,49.25,53.04,48.45,50.48,51.66,46.79,47.85,45.93,45.26,44.8,45.84,44.08,44.12,52.99
35,29.71,29.59,31.37,31.84,30.35,31.4,31.65,27.96,27.54,26.19,29.32,29.05,29.05,30.68,30.77,32.74
343,67.3,55.97,56.43,54.18,56.91,55.25,56.78,66.73,65.89,63.13,63.74,60.99,60.01,57.81,55.96,55.7
293,48.8,48.48,50.25,47.65,49.84,49.59,50.43,51.17,52.66,53.56,53.56,52.13,51.12,49.95,49.56,51.53
410,92.92,92.18,92.86,94.91,94.33,93.07,92.43,92.92,95.5,94.51,93.32,92.64,92.73,91.71,92.89,91.46
275,49.95,46.0,47.4,47.03,48.75,51.41,48.83,48.42,48.06,47.12,44.88,43.93,43.39,44.63,44.02,48.66
169,45.75,41.93,42.58,40.75,41.0,40.45,38.22,45.13,44.69,43.87,44.94,43.11,43.22,42.27,42.45,39.15
546,102.53,101.82,102.82,101.39,100.29,98.29,98.57,103.17,102.2,102.93,102.68,102.88,105.34,103.64,101.75,99.23
294,50.06,49.56,48.48,50.25,47.65,49.84,49.59,48.8,51.17,52.66,53.56,53.56,52.13,51.12,49.95,50.43
63,36.59,30.42,30.42,31.22,29.45,28.47,28.47,37.13,36.81,36.81,35.97,33.97,33.29,33.2,31.42,26.68
245,56.37,59.1,58.92,60.38,60.93,58.99,59.41,55.58,56.17,56.59,55.98,55.56,57.05,58.55,59.62,59.23
376,82.8,81.06,80.53,78.77,77.15,78.71,77.87,82.76,83.25,80.52,82.81,81.27,81.26,81.36,82.25,78.71
522,101.25,103.55,103.37,103.68,104.05,103.7,103.71,101.73,101.57,99.69,99.6,100.29,101.16,100.43,102.57,104.33
119,46.7,43.19,43.21,45.93,46.02,46.6,46.12,46.63,46.38,47.3,45.91,45.84,45.22,44.9,43.91,47.88
239,57.05,59.23,60.72,60.5,59.89,59.73,59.44,58.55,59.62,59.1,58.92,60.38,60.93,58.99,59.41,57.3
171,47.11,42.27,42.45,41.93,42.58,40.75,41.0,45.25,45.75,45.13,44.69,43.87,44.94,43.11,43.22,40.45
407,94.51,94.33,93.07,92.43,91.46,91.55,93.6,93.32,92.64,92.73,91.71,92.89,92.18,92.86,94.91,93.59
268,44.63,47.72,50.12,49.13,52.08,52.08,53.95,44.02,46.0,47.4,47.03,48.75,51.41,48.83,48.66,50.44
586,99.94,91.36,92.39,91.45,92.15,93.78,93.54,98.9,98.17,95.14,95.14,93.66,93.12,93.31,91.9,93.96
41,33.66,26.19,29.32,29.05,29.05,30.68,30.77,31.62,29.9,32.29,31.63,30.86,29.71,27.96,27.54,29.59
203,59.89,59.48,56.94,56.93,52.48,52.48,52.33,60.41,59.62,60.01,61.05,60.01,59.59,59.41,58.34,51.61
23,30.35,36.67,37.62,37.77,38.51,37.2,36.32,31.4,31.65,32.74,34.39,34.57,34.56,35.91,37.9,38.43
493,101.06,102.8,104.31,104.03,105.01,104.78,104.78,100.52,100.32,100.89,102.01,102.63,101.74,102.31,102.95,103.37
133,44.53,48.53,47.86,49.46,49.67,47.09,46.7,44.94,45.55,44.4,45.24,45.06,44.75,45.54,46.28,46.63
316,48.35,45.93,45.26,44.8,45.84,44.08,44.12,46.06,45.92,48.49,46.37,48.49,46.79,46.79,47.85,47.79
249,53.3,55.56,57.05,58.55,59.62,59.1,58.92,56.25,56.69,55.71,56.37,55.58,56.17,56.59,55.98,60.38
423,97.57,95.78,95.82,96.44,97.86,92.92,92.92,95.54,97.3,96.44,94.35,96.4,93.97,93.61,95.39,95.5
463,106.64,106.06,105.18,104.76,104.19,104.19,104.06,107.08,107.95,106.83,106.64,107.04,106.49,106.46,106.07,102.93
257,49.13,56.25,56.69,55.71,56.37,55.58,56.17,52.08,52.08,53.95,50.44,50.79,51.63,51.95,53.3,56.59
277,50.76,44.63,44.02,46.0,47.4,47.03,48.75,49.61,49.95,48.42,48.06,47.12,44.88,43.93,43.39,51.41
237,59.62,60.5,59.89,59.73,59.44,57.3,58.96,59.1,58.92,60.38,60.93,58.99,59.41,59.23,60.72,60.18
357,74.13,73.7,65.94,65.94,68.98,66.99,67.3,75.91,75.64,74.55,74.55,75.63,76.52,75.74,74.04,66.73
161,42.45,42.47,45.29,49.2,45.38,46.3,46.75,41.93,42.58,40.75,41.0,40.45,38.22,39.15,38.5,46.02
230,59.23,58.88,57.29,57.29,57.51,57.69,60.25,60.72,60.5,59.89,59.73,59.44,57.3,58.96,60.18,60.24
571,93.96,98.25,97.55,96.44,97.24,97.4,97.84,94.51,94.51,96.35,97.23,96.66,95.82,97.49,97.34,99.98
512,103.37,101.47,102.2,100.85,101.13,101.56,100.07,103.68,104.05,103.7,103.71,104.33,104.35,104.35,101.69,99.69
78,37.16,36.12,36.76,37.62,36.36,36.36,37.88,36.76,35.65,36.31,37.32,35.55,34.98,34.72,34.55,36.59
130,44.4,49.67,47.09,46.7,46.63,46.38,47.3,45.24,45.06,44.75,45.54,46.28,48.53,47.86,49.46,45.91
561,97.55,100.27,100.31,102.54,102.54,103.46,103.2,96.44,97.24,97.4,97.84,99.98,100.12,99.96,100.38,102.53
291,52.66,47.65,49.84,49.59,50.43,51.53,50.76,53.56,53.56,52.13,51.12,49.95,49.56,48.48,50.25,49.61
486,102.31,104.26,103.4,103.07,103.34,103.27,103.17,102.95,102.8,104.31,104.03,105.01,104.78,104.78,103.37,103.32
182,50.9,48.77,48.53,47.11,45.25,45.75,45.13,50.88,50.11,50.59,49.27,48.11,47.98,47.17,47.97,44.69
9,36.32,37.99,36.91,36.91,36.94,35.36,34.3,38.43,40.17,39.47,39.91,41.45,38.28,38.14,37.99,34.52
264,47.03,52.08,53.95,50.44,50.79,51.63,51.95,48.75,51.41,48.83,48.66,47.72,50.12,49.13,52.08,53.3
14,36.67,39.91,41.45,38.28,38.14,37.99,37.99,37.62,37.77,38.51,37.2,36.32,38.43,40.17,39.47,36.91
164,43.11,38.22,39.15,38.5,42.47,45.29,49.2,43.22,42.27,42.45,41.93,42.58,40.75,41.0,40.45,45.38
553,100.38,102.2,102.93,102.68,102.88,105.34,103.64,100.27,100.31,102.54,102.54,103.46,103.2,102.53,103.17,101.75
576,92.39,97.23,96.66,95.82,97.49,97.34,98.25,91.45,92.15,93.78,93.54,93.96,94.51,94.51,96.35,97.55
69,36.12,36.81,35.97,33.97,33.29,33.2,31.42,36.76,37.62,36.36,36.36,37.88,36.59,37.13,36.81,30.42
500,101.13,100.32,100.89,102.01,102.63,101.74,102.31,101.56,100.07,99.69,100.09,99.74,99.81,101.06,100.52,102.95
518,99.6,103.7,103.71,104.33,104.35,104.35,101.69,100.29,101.16,100.43,102.57,103.55,103.37,103.68,104.05,101.47
156,40.45,46.75,46.02,45.92,45.92,44.13,45.85,38.22,39.15,38.5,42.47,45.29,49.2,45.38,46.3,44.75
4,41.45,34.3,34.52,37.74,37.3,39.74,40.46,38.28,38.14,37.99,37.99,36.91,36.91,36.94,35.36,42.12
342,66.73,56.43,54.18,56.91,55.25,56.78,55.7,65.89,63.13,63.74,60.99,60.01,57.81,55.96,55.97,54.59
3,38.28,34.52,37.74,37.3,39.74,40.46,42.12,38.14,37.99,37.99,36.91,36.91,36.94,35.36,34.3,41.7
411,97.86,92.89,92.18,92.86,94.91,94.33,93.07,92.92,92.92,95.5,94.51,93.32,92.64,92.73,91.71,92.43
323,53.45,45.92,48.49,46.37,48.49,46.79,46.79,52.72,52.72,50.05,47.98,48.69,48.8,48.35,46.06,47.85
68,36.76,35.97,33.97,33.29,33.2,31.42,30.42,37.62,36.36,36.36,37.88,36.59,37.13,36.81,36.81,30.42
377,82.33,82.25,81.06,80.53,78.77,77.15,78.71,82.8,82.76,83.25,80.52,82.81,81.27,81.26,81.36,77.87
62,37.13,30.42,31.22,29.45,28.47,28.47,26.68,36.81,36.81,35.97,33.97,33.29,33.2,31.42,30.42,29.55
415,95.39,93.32,92.64,92.73,91.71,92.89,92.18,95.78,95.82,96.44,97.86,92.92,92.92,95.5,94.51,92.86
538,101.75,100.08,100.71,99.68,99.97,100.05,99.66,101.82,102.82,101.39,100.29,98.29,98.57,99.23,98.43,100.61
55,31.42,32.07,30.31,29.54,32.32,33.21,33.66,30.42,30.42,31.22,29.45,28.47,28.47,26.68,29.55,31.62
447,103.61,103.81,102.76,105.23,105.68,104.91,104.29,101.48,101.73,100.56,101.88,103.84,103.83,105.34,104.59,98.23
305,44.8,51.66,52.99,50.06,48.8,51.17,52.66,45.84,44.08,44.12,47.79,49.25,53.04,48.45,50.48,53.56
562,98.25,100.38,100.27,100.31,102.54,102.54,103.46,97.55,96.44,97.24,97.4,97.84,99.98,100.12,99.96,103.2
134,46.17,46.28,48.53,47.86,49.46,49.67,47.09,44.53,44.94,45.55,44.4,45.24,45.06,44.75,45.54,46.7
585,98.9,92.39,91.45,92.15,93.78,93.54,93.96,98.17,95.14,95.14,93.66,93.12,93.31,91.9,91.36,94.51
359,77.85,75.74,74.04,73.7,65.94,65.94,68.98,77.16,74.13,75.91,75.64,74.55,74.55,75.63,76.52,66.99
487,101.74,103.37,104.26,103.4,103.07,103.34,103.27,102.31,102.95,102.8,104.31,104.03,105.01,104.78,104.78,103.17
300,49.25,52.66,53.56,53.56,52.13,51.12,49.95,53.04,48.45,50.48,51.66,52.99,50.06,48.8,51.17,49.56
175,47.17,43.87,44.94,43.11,43.22,42.27,42.45,47.97,48.77,48.53,47.11,45.25,45.75,45.13,44.69,41.93
389,91.17,85.73,81.72,81.82,82.33,82.8,82.76,90.74,91.02,89.76,90.33,88.89,87.29,85.76,85.87,83.25
227,59.89,57.51,57.69,60.25,60.24,61.3,59.67,59.73,59.44,57.3,58.96,60.18,58.88,57.29,57.29,58.0
574,92.15,95.82,97.49,97.34,98.25,97.55,96.44,93.78,93.54,93.96,94.51,94.51,96.35,97.23,96.66,97.24
142,45.85,44.53,44.94,45.55,44.4,45.24,45.06,44.75,44.07,44.58,47.12,46.93,44.71,46.67,46.17,44.75
473,103.27,106.95,106.64,107.08,107.95,106.83,106.64,103.17,103.32,105.09,105.02,105.04,107.2,107.49,107.52,107.04
324,54.14,46.06,45.92,48.49,46.37,48.49,46.79,53.45,52.72,52.72,50.05,47.98,48.69,48.8,48.35,46.79
509,103.7,101.13,101.56,100.07,99.69,100.09,99.74,103.71,104.33,104.35,104.35,101.69,101.47,102.2,100.85,99.81
494,99.81,102.95,102.8,104.31,104.03,105.01,104.78,101.06,100.52,100.32,100.89,102.01,102.63,101.74,102.31,104.78
501,100.85,100.52,100.32,100.89,102.01,102.63,101.74,101.13,101.56,100.07,99.69,100.09,99.74,99.81,101.06,102.31
508,103.71,101.56,100.07,99.69,100.09,99.74,99.81,104.33,104.35,104.35,101.69,101.47,102.2,100.85,101.13,101.06
162,42.27,38.5,42.47,45.29,49.2,45.38,46.3,42.45,41.93,42.58,40.75,41.0,40.45,38.22,39.15,46.75
73,35.55,37.88,36.59,37.13,36.81,36.81,35.97,34.98,34.72,34.55,36.12,36.76,37.62,36.36,36.36,33.97
483,104.31,103.34,103.27,103.17,103.32,105.09,105.02,104.03,105.01,104.78,104.78,103.37,104.26,103.4,103.07,105.04
297,50.48,52.13,51.12,49.95,49.56,48.48,50.25,51.66,52.99,50.06,48.8,51.17,52.66,53.56,53.56,47.65
18,34.57,36.32,38.43,40.17,39.47,39.91,41.45,34.56,35.91,37.9,36.67,37.62,37.77,38.51,37.2,38.28
296,51.66,51.12,49.95,49.56,48.48,50.25,47.65,52.99,50.06,48.8,51.17,52.66,53.56,53.56,52.13,49.84
236,59.1,59.89,59.73,59.44,57.3,58.96,60.18,58.92,60.38,60.93,58.99,59.41,59.23,60.72,60.5,58.88
122,49.46,45.22,44.9,43.91,43.19,43.21,45.93,49.67,47.09,46.7,46.63,46.38,47.3,45.91,45.84,46.02
563,97.34,99.96,100.38,100.27,100.31,102.54,102.54,98.25,97.55,96.44,97.24,97.4,97.84,99.98,100.12,103.46
453,105.18,100.56,101.88,103.84,103.83,105.34,104.59,104.76,104.19,104.19,104.06,102.93,103.61,101.48,101.73,103.81
322,52.72,48.49,46.37,48.49,46.79,46.79,47.85,52.72,50.05,47.98,48.69,48.8,48.35,46.06,45.92,45.93
165,44.94,40.45,38.22,39.15,38.5,42.47,45.29,43.11,43.22,42.27,42.45,41.93,42.58,40.75,41.0,49.2
140,44.07,45.55,44.4,45.24,45.06,44.75,45.54,44.58,47.12,46.93,44.71,46.67,46.17,44.53,44.94,46.28
80,37.64,34.72,34.55,36.12,36.76,37.62,36.36,37.46,37.16,36.76,35.65,36.31,37.32,35.55,34.98,36.36
530,98.43,101.73,101.57,99.69,99.6,100.29,101.16,100.08,100.71,99.68,99.97,100.05,99.66,100.61,101.25,100.43
499,101.56,100.89,102.01,102.63,101.74,102.31,102.95,100.07,99.69,100.09,99.74,99.81,101.06,100.52,100.32,102.8
274,48.42,47.4,47.03,48.75,51.41,48.83,48.66,48.06,47.12,44.88,43.93,43.39,44.63,44.02,46.0,47.72
174,47.97,44.94,43.11,43.22,42.27,42.45,41.93,48.77,48.53,47.11,45.25,45.75,45.13,44.69,43.87,42.58
550,102.54,102.88,105.34,103.64,101.75,101.82,102.82,102.54,103.46,103.2,102.53,103.17,102.2,102.93,102.68,101.39
167,44.69,40.75,41.0,40.45,38.22,39.15,38.5,43.87,44.94,43.11,43.22,42.27,42.45,41.93,42.58,42.47
311,48.49,44.12,47.79,49.25,53.04,48.45,50.48,46.79,46.79,47.85,45.93,45.26,44.8,45.84,44.08,51.66
101,44.32,40.55,39.39,39.27,40.89,41.22,40.57,43.87,44.23,42.95,41.74,40.69,41.68,40.73,40.75,40.57
523,100.61,102.57,103.55,103.37,103.68,104.05,103.7,101.25,101.73,101.57,99.69,99.6,100.29,101.16,100.43,103.71
173,48.77,43.11,43.22,42.27,42.45,41.93,42.58,48.53,47.11,45.25,45.75,45.13,44.69,43.87,44.94,40.75
433,104.29,97.36,97.57,95.54,97.3,96.44,94.35,98.23,97.86,98.26,97.34,96.93,97.34,97.61,98.09,96.4
348,73.7,63.74,60.99,60.01,57.81,55.96,55.97,65.94,65.94,68.98,66.99,67.3,66.73,65.89,63.13,56.43
539,103.64,98.43,100.08,100.71,99.68,99.97,100.05,101.75,101.82,102.82,101.39,100.29,98.29,98.57,99.23,99.66
214,61.3,59.53,60.01,59.89,60.41,59.62,60.01,59.67,58.0,59.11,58.15,60.15,61.36,60.74,59.96,61.05
94,40.73,40.43,40.58,39.93,41.08,40.0,37.64,40.75,40.55,39.39,39.27,40.89,41.22,40.57,40.57,37.46
111,43.91,45.27,44.32,43.87,44.23,42.95,41.74,43.19,43.21,45.93,46.02,46.6,46.12,47.88,46.32,40.69
172,48.53,43.22,42.27,42.45,41.93,42.58,40.75,47.11,45.25,45.75,45.13,44.69,43.87,44.94,43.11,41.0
64,37.88,31.42,30.42,30.42,31.22,29.45,28.47,36.59,37.13,36.81,36.81,35.97,33.97,33.29,33.2,28.47
465,107.52,106.46,106.07,106.06,105.18,104.76,104.19,106.95,106.64,107.08,107.95,106.83,106.64,107.04,106.49,104.19
594,96.99,98.9,98.17,95.14,95.14,93.66,93.12,97.59,98.4,99.11,98.62,98.87,99.18,99.18,99.94,93.31
177,48.11,45.13,44.69,43.87,44.94,43.11,43.22,47.98,47.17,47.97,48.77,48.53,47.11,45.25,45.75,42.27
527,99.68,99.6,100.29,101.16,100.43,102.57,103.55,99.97,100.05,99.66,100.61,101.25,101.73,101.57,99.69,103.37
198,60.01,52.33,51.61,52.76,52.74,52.19,53.05,59.59,59.41,58.34,59.48,56.94,56.93,52.48,52.48,51.4
340,63.13,56.91,55.25,56.78,55.7,54.59,54.59,63.74,60.99,60.01,57.81,55.96,55.97,56.43,54.18,53.46
148,46.3,44.58,47.12,46.93,44.71,46.67,46.17,46.75,46.02,45.92,45.92,44.13,45.85,44.75,44.07,44.53
419,94.35,92.92,92.92,95.5,94.51,93.32,92.64,96.4,93.97,93.61,95.39,95.78,95.82,96.44,97.86,92.73
116,47.3,46.02,46.6,46.12,47.88,46.32,45.27,45.91,45.84,45.22,44.9,43.91,43.19,43.21,45.93,44.32
451,104.19,103.84,103.83,105.34,104.59,103.81,102.76,104.19,104.06,102.93,103.61,101.48,101.73,100.56,101.88,105.23
256,52.08,56.69,55.71,56.37,55.58,56.17,56.59,52.08,53.95,50.44,50.79,51.63,51.95,53.3,56.25,55.98
409,92.92,92.86,94.91,94.33,93.07,92.43,91.46,95.5,94.51,93.32,92.64,92.73,91.71,92.89,92.18,91.55
450,104.19,103.83,105.34,104.59,103.81,102.76,105.23,104.06,102.93,103.61,101.48,101.73,100.56,101.88,103.84,105.68
589,98.87,93.12,93.31,91.9,91.36,92.39,91.45,99.18,99.18,99.94,98.9,98.17,95.14,95.14,93.66,92.15
335,55.96,54.59,53.46,54.14,53.45,52.72,52.72,55.97,56.43,54.18,56.91,55.25,56.78,55.7,54.59,50.05
197,59.59,51.61,52.76,52.74,52.19,53.05,51.4,59.41,58.34,59.48,56.94,56.93,52.48,52.48,52.33,50.9
382,85.76,80.52,82.81,81.27,81.26,81.36,82.25,85.87,85.73,81.72,81.82,82.33,82.8,82.76,83.25,81.06
482,104.03,103.27,103.17,103.32,105.09,105.02,105.04,105.01,104.78,104.78,103.37,104.26,103.4,103.07,103.34,107.2
60,36.81,29.45,28.47,28.47,26.68,29.55,32.07,35.97,33.97,33.29,33.2,31.42,30.42,30.42,31.22,30.31
138,47.12,45.24,45.06,44.75,45.54,46.28,48.53,46.93,44.71,46.67,46.17,44.53,44.94,45.55,44.4,47.86
397,93.07,90.74,91.02,89.76,90.33,88.89,87.29,92.43,91.46,91.55,93.6,93.59,95.55,94.53,91.17,85.76
455,106.07,101.48,101.73,100.56,101.88,103.84,103.83,106.06,105.18,104.76,104.19,104.19,104.06,102.93,103.61,105.34
276,49.61,44.02,46.0,47.4,47.03,48.75,51.41,49.95,48.42,48.06,47.12,44.88,43.93,43.39,44.63,48.83
146,46.02,46.93,44.71,46.67,46.17,44.53,44.94,45.92,45.92,44.13,45.85,44.75,44.07,44.58,47.12,45.55
422,95.54,95.82,96.44,97.86,92.92,92.92,95.5,97.3,96.44,94.35,96.4,93.97,93.61,95.39,95.78,94.51
66,36.36,33.29,33.2,31.42,30.42,30.42,31.22,36.36,37.88,36.59,37.13,36.81,36.81,35.97,33.97,29.45
289,53.56,49.59,50.43,51.53,50.76,49.61,49.95,52.13,51.12,49.95,49.56,48.48,50.25,47.65,49.84,48.42
398,94.33,91.17,90.74,91.02,89.76,90.33,88.89,93.07,92.43,91.46,91.55,93.6,93.59,95.55,94.53,87.29
492,100.52,104.31,104.03,105.01,104.78,104.78,103.37,100.32,100.89,102.01,102.63,101.74,102.31,102.95,102.8,104.26
93,40.75,40.58,39.93,41.08,40.0,37.64,37.46,40.55,39.39,39.27,40.89,41.22,40.57,40.57,40.43,37.16
25,31.37,35.91,37.9,36.67,37.62,37.77,38.51,31.84,30.35,31.4,31.65,32.74,34.39,34.57,34.56,37.2
65,36.36,33.2,31.42,30.42,30.42,31.22,29.45,37.88,36.59,37.13,36.81,36.81,35.97,33.97,33.29,28.47
5,39.91,35.36,34.3,34.52,37.74,37.3,39.74,41.45,38.28,38.14,37.99,37.99,36.91,36.91,36.94,40.46
194,59.48,52.19,53.05,51.4,50.9,50.88,50.11,56.94,56.93,52.48,52.48,52.33,51.61,52.76,52.74,50.59
572,93.54,97.34,98.25,97.55,96.44,97.24,97.4,93.96,94.51,94.51,96.35,97.23,96.66,95.82,97.49,97.84
344,66.99,55.96,55.97,56.43,54.18,56.91,55.25,67.3,66.73,65.89,63.13,63.74,60.99,60.01,57.81,56.78
449,104.06,105.34,104.59,103.81,102.76,105.23,105.68,102.93,103.61,101.48,101.73,100.56,101.88,103.84,103.83,104.91
19,34.39,37.2,36.32,38.43,40.17,39.47,39.91,34.57,34.56,35.91,37.9,36.67,37.62,37.77,38.51,41.45
328,55.7,47.98,48.69,48.8,48.35,46.06,45.92,54.59,54.59,53.46,54.14,53.45,52.72,52.72,50.05,48.49
44,29.54,29.71,27.96,27.54,26.19,29.32,29.05,32.32,33.21,33.66,31.62,29.9,32.29,31.63,30.86,29.05
57,33.29,26.68,29.55,32.07,30.31,29.54,32.32,33.2,31.42,30.42,30.42,31.22,29.45,28.47,28.47,33.21
258,50.12,53.3,56.25,56.69,55.71,56.37,55.58,49.13,52.08,52.08,53.95,50.44,50.79,51.63,51.95,56.17
375,82.76,80.53,78.77,77.15,78.71,77.87,78.71,83.25,80.52,82.81,81.27,81.26,81.36,82.25,81.06,77.43
83,39.93,37.32,35.55,34.98,34.72,34.55,36.12,41.08,40.0,37.64,37.46,37.16,36.76,35.65,36.31,36.76
392,93.59,87.29,85.76,85.87,85.73,81.72,81.82,95.55,94.53,91.17,90.74,91.02,89.76,90.33,88.89,82.33
89,40.89,37.64,37.46,37.16,36.76,35.65,36.31,41.22,40.57,40.57,40.43,40.58,39.93,41.08,40.0,37.32
325,53.46,48.35,46.06,45.92,48.49,46.37,48.49,54.14,53.45,52.72,52.72,50.05,47.98,48.69,48.8,46.79
488,102.63,104.78,103.37,104.26,103.4,103.07,103.34,101.74,102.31,102.95,102.8,104.31,104.03,105.01,104.78,103.27
424,97.36,95.39,95.78,95.82,96.44,97.86,92.92,97.57,95.54,97.3,96.44,94.35,96.4,93.97,93.61,92.92
337,60.01,55.7,54.59,54.59,53.46,54.14,53.45,57.81,55.96,55.97,56.43,54.18,56.91,55.25,56.78,52.72
91,39.39,41.08,40.0,37.64,37.46,37.16,36.76,39.27,40.89,41.22,40.57,40.57,40.43,40.58,39.93,35.65
565,95.82,99.98,100.12,99.96,100.38,100.27,100.31,97.49,97.34,98.25,97.55,96.44,97.24,97.4,97.84,102.54
365,78.77,75.91,75.64,74.55,74.55,75.63,76.52,77.15,78.71,77.87,78.71,77.43,77.85,77.16,74.13,75.74
211,59.11,60.41,59.62,60.01,61.05,60.01,59.59,58.15,60.15,61.36,60.74,59.96,59.53,60.01,59.89,59.41
98,42.95,40.89,41.22,40.57,40.57,40.43,40.58,41.74,40.69,41.68,40.73,40.75,40.55,39.39,39.27,39.93
578,91.9,94.51,96.35,97.23,96.66,95.82,97.49,91.36,92.39,91.45,92.15,93.78,93.54,93.96,94.51,97.34
541,102.88,98.57,99.23,98.43,100.08,100.71,99.68,105.34,103.64,101.75,101.82,102.82,101.39,100.29,98.29,99.97
26,29.59,34.56,35.91,37.9,36.67,37.62,37.77,31.37,31.84,30.35,31.4,31.65,32.74,34.39,34.57,38.51
100,43.87,39.39,39.27,40.89,41.22,40.57,40.57,44.23,42.95,41.74,40.69,41.68,40.73,40.75,40.55,40.43
210,58.15,59.62,60.01,61.05,60.01,59.59,59.41,60.15,61.36,60.74,59.96,59.53,60.01,59.89,60.41,58.34
151,45.29,45.85,44.75,44.07,44.58,47.12,46.93,49.2,45.38,46.3,46.75,46.02,45.92,45.92,44.13,44.71
208,61.36,61.05,60.01,59.59,59.41,58.34,59.48,60.74,59.96,59.53,60.01,59.89,60.41,59.62,60.01,56.94
15,37.9,39.47,39.91,41.45,38.28,38.14,37.99,36.67,37.62,37.77,38.51,37.2,36.32,38.43,40.17,37.99
106,46.6,41.74,40.69,41.68,40.73,40.75,40.55,46.12,47.88,46.32,45.27,44.32,43.87,44.23,42.95,39.39
401,92.18,93.59,95.55,94.53,91.17,90.74,91.02,92.86,94.91,94.33,93.07,92.43,91.46,91.55,93.6,89.76
583,95.14,92.15,93.78,93.54,93.96,94.51,94.51,95.14,93.66,93.12,93.31,91.9,91.36,92.39,91.45,96.35
24,31.84,37.9,36.67,37.62,37.77,38.51,37.2,30.35,31.4,31.65,32.74,34.39,34.57,34.56,35.91,36.32
367,81.06,77.16,74.13,75.91,75.64,74.55,74.55,80.53,78.77,77.15,78.71,77.87,78.71,77.43,77.85,75.63
481,105.01,103.17,103.32,105.09,105.02,105.04,107.2,104.78,104.78,103.37,104.26,103.4,103.07,103.34,103.27,107.49
112,44.9,46.32,45.27,44.32,43.87,44.23,42.95,43.91,43.19,43.21,45.93,46.02,46.6,46.12,47.88,41.74
331,56.91,52.72,52.72,50.05,47.98,48.69,48.8,55.25,56.78,55.7,54.59,54.59,53.46,54.14,53.45,48.35
54,30.42,30.31,29.54,32.32,33.21,33.66,31.62,30.42,31.22,29.45,28.47,28.47,26.68,29.55,32.07,29.9
292,51.17,50.25,47.65,49.84,49.59,50.43,51.53,52.66,53.56,53.56,52.13,51.12,49.95,49.56,48.48,50.76
27,30.77,34.57,34.56,35.91,37.9,36.67,37.62,29.59,31.37,31.84,30.35,31.4,31.65,32.74,34.39,37.77
102,45.27,40.75,40.55,39.39,39.27,40.89,41.22,44.32,43.87,44.23,42.95,41.74,40.69,41.68,40.73,40.57
220,57.29,59.11,58.15,60.15,61.36,60.74,59.96,57.29,57.51,57.69,60.25,60.24,61.3,59.67,58.0,59.53
30,29.05,31.65,32.74,34.39,34.57,34.56,35.91,29.05,30.68,30.77,29.59,31.37,31.84,30.35,31.4,37.9
205,59.53,59.41,58.34,59.48,56.94,56.93,52.48,60.01,59.89,60.41,59.62,60.01,61.05,60.01,59.59,52.48
421,97.3,96.44,97.86,92.92,92.92,95.5,94.51,96.44,94.35,96.4,93.97,93.61,95.39,95.78,95.82,93.32
460,106.83,104.19,104.19,104.06,102.93,103.61,101.48,106.64,107.04,106.49,106.46,106.07,106.06,105.18,104.76,101.73
405,92.64,92.43,91.46,91.55,93.6,93.59,95.55,92.73,91.71,92.89,92.18,92.86,94.91,94.33,93.07,94.53
223,58.96,61.3,59.67,58.0,59.11,58.15,60.15,60.18,58.88,57.29,57.29,57.51,57.69,60.25,60.24,61.36
280,49.59,44.88,43.93,43.39,44.63,44.02,46.0,50.43,51.53,50.76,49.61,49.95,48.42,48.06,47.12,47.4
191,52.48,50.9,50.88,50.11,50.59,49.27,48.11,52.48,52.33,51.61,52.76,52.74,52.19,53.05,51.4,47.98
341,65.89,54.18,56.91,55.25,56.78,55.7,54.59,63.13,63.74,60.99,60.01,57.81,55.96,55.97,56.43,54.59
319,47.98,46.79,46.79,47.85,45.93,45.26,44.8,48.69,48.8,48.35,46.06,45.92,48.49,46.37,48.49,45.84
74,37.32,36.36,37.88,36.59,37.13,36.81,36.81,35.55,34.98,34.72,34.55,36.12,36.76,37.62,36.36,35.97
477,104.26,105.04,107.2,107.49,107.52,106.95,106.64,103.4,103.07,103.34,103.27,103.17,103.32,105.09,105.02,107.08
283,50.25,48.42,48.06,47.12,44.88,43.93,43.39,47.65,49.84,49.59,50.43,51.53,50.76,49.61,49.95,44.63
360,77.43,76.52,75.74,74.04,73.7,65.94,65.94,77.85,77.16,74.13,75.91,75.64,74.55,74.55,75.63,68.98
33,27.54,31.84,30.35,31.4,31.65,32.74,34.39,26.19,29.32,29.05,29.05,30.68,30.77,29.59,31.37,34.57
386,89.76,82.33,82.8,82.76,83.25,80.52,82.81,90.33,88.89,87.29,85.76,85.87,85.73,81.72,81.82,81.27
269,43.39,48.66,47.72,50.12,49.13,52.08,52.08,44.63,44.02,46.0,47.4,47.03,48.75,51.41,48.83,53.95
369,81.36,77.43,77.85,77.16,74.13,75.91,75.64,82.25,81.06,80.53,78.77,77.15,78.71,77.87,78.71,74.55
308,47.85,53.04,48.45,50.48,51.66,52.99,50.06,45.93,45.26,44.8,45.84,44.08,44.12,47.79,49.25,48.8
254,53.95,56.37,55.58,56.17,56.59,55.98,55.56,50.44,50.79,51.63,51.95,53.3,56.25,56.69,55.71,57.05
414,95.78,92.64,92.73,91.71,92.89,92.18,92.86,95.82,96.44,97.86,92.92,92.92,95.5,94.51,93.32,94.91
545,103.17,102.82,101.39,100.29,98.29,98.57,99.23,102.2,102.93,102.68,102.88,105.34,103.64,101.75,101.82,98.43
597,97.21,99.18,99.18,99.94,98.9,98.17,95.14,96.27,97.18,96.99,97.59,98.4,99.11,98.62,98.87,95.14
21,31.65,37.77,38.51,37.2,36.32,38.43,40.17,32.74,34.39,34.57,34.56,35.91,37.9,36.67,37.62,39.47
309,46.79,49.25,53.04,48.45,50.48,51.66,52.99,47.85,45.93,45.26,44.8,45.84,44.08,44.12,47.79,50.06
313,48.49,45.84,44.08,44.12,47.79,49.25,53.04,46.37,48.49,46.79,46.79,47.85,45.93,45.26,44.8,48.45
10,37.2,37.99,37.99,36.91,36.91,36.94,35.36,36.32,38.43,40.17,39.47,39.91,41.45,38.28,38.14,34.3
593,97.59,98.17,95.14,95.14,93.66,93.12,93.31,98.4,99.11,98.62,98.87,99.18,99.18,99.94,98.9,91.9
418,96.4,92.92,95.5,94.51,93.32,92.64,92.73,93.97,93.61,95.39,95.78,95.82,96.44,97.86,92.92,91.71
431,97.86,95.54,97.3,96.44,94.35,96.4,93.97,98.26,97.34,96.93,97.34,97.61,98.09,97.36,97.57,93.61
470,105.09,107.95,106.83,106.64,107.04,106.49,106.46,105.02,105.04,107.2,107.49,107.52,106.95,106.64,107.08,106.07
144,45.92,46.67,46.17,44.53,44.94,45.55,44.4,44.13,45.85,44.75,44.07,44.58,47.12,46.93,44.71,45.24
195,58.34,52.74,52.19,53.05,51.4,50.9,50.88,59.48,56.94,56.93,52.48,52.48,52.33,51.61,52.76,50.11
549,102.54,105.34,103.64,101.75,101.82,102.82,101.39,103.46,103.2,102.53,103.17,102.2,102.93,102.68,102.88,100.29
387,91.02,81.82,82.33,82.8,82.76,83.25,80.52,89.76,90.33,88.89,87.29,85.76,85.87,85.73,81.72,82.81
557,97.84,103.46,103.2,102.53,103.17,102.2,102.93,99.98,100.12,99.96,100.38,100.27,100.31,102.54,102.54,102.68
90,39.27,40.0,37.64,37.46,37.16,36.76,35.65,40.89,41.22,40.57,40.57,40.43,40.58,39.93,41.08,36.31
104,47.88,41.68,40.73,40.75,40.55,39.39,39.27,46.32,45.27,44.32,43.87,44.23,42.95,41.74,40.69,40.89
511,103.68,102.2,100.85,101.13,101.56,100.07,99.69,104.05,103.7,103.71,104.33,104.35,104.35,101.69,101.47,100.09
333,56.43,54.14,53.45,52.72,52.72,50.05,47.98,54.18,56.91,55.25,56.78,55.7,54.59,54.59,53.46,48.69
158,40.75,45.38,46.3,46.75,46.02,45.92,45.92,41.0,40.45,38.22,39.15,38.5,42.47,45.29,49.2,44.13
17,34.56,38.43,40.17,39.47,39.91,41.45,38.28,35.91,37.9,36.67,37.62,37.77,38.51,37.2,36.32,38.14
77,36.76,36.76,37.62,36.36,36.36,37.88,36.59,35.65,36.31,37.32,35.55,34.98,34.72,34.55,36.12,37.13
152,42.47,44.13,45.85,44.75,44.07,44.58,47.12,45.29,49.2,45.38,46.3,46.75,46.02,45.92,45.92,46.93
315,46.06,45.26,44.8,45.84,44.08,44.12,47.79,45.92,48.49,46.37,48.49,46.79,46.79,47.85,45.93,49.25
558,97.4,102.54,103.46,103.2,102.53,103.17,102.2,97.84,99.98,100.12,99.96,100.38,100.27,100.31,102.54,102.93
573,93.78,97.49,97.34,98.25,97.55,96.44,97.24,93.54,93.96,94.51,94.51,96.35,97.23,96.66,95.82,97.4
231,59.41,60.18,58.88,57.29,57.29,57.51,57.69,59.23,60.72,60.5,59.89,59.73,59.44,57.3,58.96,60.25
132,44.94,47.86,49.46,49.67,47.09,46.7,46.63,45.55,44.4,45.24,45.06,44.75,45.54,46.28,48.53,46.38
67,37.62,33.97,33.29,33.2,31.42,30.42,30.42,36.36,36.36,37.88,36.59,37.13,36.81,36.81,35.97,31.22
2,38.14,37.74,37.3,39.74,40.46,42.12,41.7,37.99,37.99,36.91,36.91,36.94,35.36,34.3,34.52,41.45
485,102.95,103.4,103.07,103.34,103.27,103.17,103.32,102.8,104.31,104.03,105.01,104.78,104.78,103.37,104.26,105.09
320,50.05,48.49,46.79,46.79,47.85,45.93,45.26,47.98,48.69,48.8,48.35,46.06,45.92,48.49,46.37,44.8
321,52.72,46.37,48.49,46.79,46.79,47.85,45.93,50.05,47.98,48.69,48.8,48.35,46.06,45.92,48.49,45.26
271,44.88,51.41,48.83,48.66,47.72,50.12,49.13,43.93,43.39,44.63,44.02,46.0,47.4,47.03,48.75,52.08
559,97.24,102.54,102.54,103.46,103.2,102.53,103.17,97.4,97.84,99.98,100.12,99.96,100.38,100.27,100.31,102.2
209,60.15,60.01,61.05,60.01,59.59,59.41,58.34,61.36,60.74,59.96,59.53,60.01,59.89,60.41,59.62,59.48
136,44.71,44.75,45.54,46.28,48.53,47.86,49.46,46.67,46.17,44.53,44.94,45.55,44.4,45.24,45.06,49.67
84,40.58,36.31,37.32,35.55,34.98,34.72,34.55,39.93,41.08,40.0,37.64,37.46,37.16,36.76,35.65,36.12
339,63.74,55.25,56.78,55.7,54.59,54.59,53.46,60.99,60.01,57.81,55.96,55.97,56.43,54.18,56.91,54.14
284,48.48,49.95,48.42,48.06,47.12,44.88,43.93,50.25,47.65,49.84,49.59,50.43,51.53,50.76,49.61,43.39
577,91.36,96.35,97.23,96.66,95.82,97.49,97.34,92.39,91.45,92.15,93.78,93.54,93.96,94.51,94.51,98.25
200,60.01,52.48,52.48,52.33,51.61,52.76,52.74,61.05,60.01,59.59,59.41,58.34,59.48,56.94,56.93,52.19
502,102.2,101.06,100.52,100.32,100.89,102.01,102.63,100.85,101.13,101.56,100.07,99.69,100.09,99.74,99.81,101.74
272,47.12,48.75,51.41,48.83,48.66,47.72,50.12,44.88,43.93,43.39,44.63,44.02,46.0,47.4,47.03,49.13
363,78.71,74.55,74.55,75.63,76.52,75.74,74.04,77.87,78.71,77.43,77.85,77.16,74.13,75.91,75.64,73.7
479,104.78,105.09,105.02,105.04,107.2,107.49,107.52,103.37,104.26,103.4,103.07,103.34,103.27,103.17,103.32,106.95
370,81.26,78.71,77.43,77.85,77.16,74.13,75.91,81.36,82.25,81.06,80.53,78.77,77.15,78.71,77.87,75.64
